Sub	Trial	img1	img2	pos_ran	RT	Reaction
xuwei	1.000000	2.000000	10.000000	2.000000	4009.258	1.000000
xuwei	2.000000	2.000000	11.000000	2.000000	4476.313	1.000000
xuwei	3.000000	6.000000	15.000000	2.000000	2376.023	1.000000
xuwei	4.000000	6.000000	8.000000	2.000000	2855.657	0.000000
xuwei	5.000000	5.000000	12.000000	1.000000	2506.662	1.000000
xuwei	6.000000	2.000000	14.000000	2.000000	1538.876	1.000000
xuwei	7.000000	12.000000	16.000000	2.000000	2779.551	1.000000
xuwei	8.000000	10.000000	12.000000	1.000000	2409.834	1.000000
xuwei	9.000000	7.000000	20.000000	1.000000	3368.705	0.000000
xuwei	10.000000	10.000000	20.000000	2.000000	2167.058	0.000000
xuwei	11.000000	6.000000	12.000000	1.000000	1572.662	1.000000
xuwei	12.000000	8.000000	19.000000	1.000000	1946.918	1.000000
xuwei	13.000000	8.000000	11.000000	1.000000	2481.666	0.000000
xuwei	14.000000	16.000000	18.000000	1.000000	5203.182	1.000000
xuwei	15.000000	4.000000	14.000000	2.000000	3145.045	0.000000
xuwei	16.000000	1.000000	8.000000	2.000000	1072.874	1.000000
xuwei	17.000000	3.000000	15.000000	2.000000	2595.574	0.000000
xuwei	18.000000	7.000000	18.000000	2.000000	2809.111	0.000000
xuwei	19.000000	4.000000	13.000000	1.000000	5646.009	0.000000
xuwei	20.000000	2.000000	12.000000	2.000000	2720.678	0.000000
xuwei	21.000000	12.000000	15.000000	1.000000	4736.182	1.000000
xuwei	22.000000	6.000000	19.000000	2.000000	2176.000	0.000000
xuwei	23.000000	6.000000	11.000000	1.000000	2596.237	1.000000
xuwei	24.000000	9.000000	20.000000	2.000000	1273.214	1.000000
xuwei	25.000000	10.000000	16.000000	1.000000	2532.076	1.000000
xuwei	26.000000	3.000000	6.000000	2.000000	4404.285	1.000000
xuwei	27.000000	5.000000	6.000000	2.000000	4007.339	0.000000
xuwei	28.000000	7.000000	13.000000	1.000000	2354.383	0.000000
xuwei	29.000000	6.000000	17.000000	2.000000	1744.030	1.000000
xuwei	30.000000	13.000000	14.000000	2.000000	2360.157	1.000000
xuwei	31.000000	14.000000	15.000000	1.000000	1781.884	1.000000
xuwei	32.000000	10.000000	17.000000	1.000000	3634.601	1.000000
xuwei	33.000000	1.000000	9.000000	1.000000	3630.263	0.000000
xuwei	34.000000	14.000000	16.000000	2.000000	2259.428	0.000000
xuwei	35.000000	13.000000	17.000000	1.000000	4788.249	1.000000
xuwei	36.000000	19.000000	20.000000	2.000000	3641.706	0.000000
xuwei	37.000000	11.000000	17.000000	1.000000	1813.164	1.000000
xuwei	38.000000	4.000000	12.000000	1.000000	2337.944	1.000000
xuwei	39.000000	5.000000	14.000000	2.000000	1664.853	1.000000
xuwei	40.000000	4.000000	16.000000	1.000000	1419.114	1.000000
xuwei	41.000000	7.000000	15.000000	2.000000	5119.024	0.000000
xuwei	42.000000	5.000000	20.000000	2.000000	1814.266	1.000000
xuwei	43.000000	6.000000	14.000000	2.000000	2282.442	1.000000
xuwei	44.000000	1.000000	4.000000	2.000000	4709.830	0.000000
xuwei	45.000000	9.000000	16.000000	2.000000	3260.390	1.000000
xuwei	46.000000	2.000000	13.000000	1.000000	1310.745	0.000000
xuwei	47.000000	16.000000	19.000000	1.000000	2262.335	0.000000
xuwei	48.000000	14.000000	18.000000	1.000000	1126.478	1.000000
xuwei	49.000000	12.000000	18.000000	2.000000	1486.046	1.000000
xuwei	50.000000	11.000000	20.000000	1.000000	2040.088	0.000000
xuwei	51.000000	3.000000	16.000000	2.000000	3850.960	0.000000
xuwei	52.000000	8.000000	20.000000	1.000000	3277.380	1.000000
xuwei	53.000000	12.000000	20.000000	1.000000	2007.182	0.000000
xuwei	54.000000	2.000000	19.000000	1.000000	1499.346	0.000000
xuwei	55.000000	1.000000	19.000000	2.000000	1427.413	1.000000
xuwei	56.000000	9.000000	15.000000	1.000000	4374.246	0.000000
xuwei	57.000000	8.000000	14.000000	1.000000	2267.289	1.000000
xuwei	58.000000	2.000000	20.000000	2.000000	2054.282	1.000000
xuwei	59.000000	12.000000	19.000000	1.000000	3041.773	0.000000
xuwei	60.000000	3.000000	5.000000	1.000000	2491.565	0.000000
xuwei	61.000000	2.000000	16.000000	2.000000	1979.772	1.000000
xuwei	62.000000	11.000000	14.000000	2.000000	3121.853	1.000000
xuwei	63.000000	11.000000	16.000000	1.000000	2785.541	1.000000
xuwei	64.000000	6.000000	20.000000	2.000000	1598.586	1.000000
xuwei	65.000000	18.000000	20.000000	1.000000	2640.673	0.000000
xuwei	66.000000	2.000000	3.000000	1.000000	1651.707	0.000000
xuwei	67.000000	3.000000	9.000000	2.000000	2165.799	0.000000
xuwei	68.000000	5.000000	7.000000	2.000000	1219.291	0.000000
xuwei	69.000000	13.000000	15.000000	1.000000	6550.051	1.000000
xuwei	70.000000	18.000000	19.000000	1.000000	1701.495	0.000000
xuwei	71.000000	12.000000	14.000000	2.000000	997.627	1.000000
xuwei	72.000000	2.000000	15.000000	1.000000	5170.382	0.000000
xuwei	73.000000	1.000000	14.000000	1.000000	2086.882	0.000000
xuwei	74.000000	6.000000	7.000000	2.000000	4015.791	0.000000
xuwei	75.000000	13.000000	20.000000	2.000000	3738.810	1.000000
xuwei	76.000000	7.000000	12.000000	2.000000	2378.526	0.000000
xuwei	77.000000	5.000000	19.000000	1.000000	1800.924	0.000000
xuwei	78.000000	4.000000	5.000000	2.000000	1445.103	0.000000
xuwei	79.000000	13.000000	19.000000	2.000000	1326.531	1.000000
xuwei	80.000000	9.000000	18.000000	2.000000	1373.439	1.000000
xuwei	81.000000	3.000000	17.000000	2.000000	2509.407	0.000000
xuwei	82.000000	3.000000	12.000000	1.000000	1125.648	1.000000
xuwei	83.000000	4.000000	9.000000	1.000000	1757.153	1.000000
xuwei	84.000000	4.000000	7.000000	2.000000	1065.993	0.000000
xuwei	85.000000	3.000000	20.000000	1.000000	1364.101	0.000000
xuwei	86.000000	3.000000	13.000000	1.000000	2491.061	0.000000
xuwei	87.000000	17.000000	19.000000	2.000000	1107.860	1.000000
xuwei	88.000000	5.000000	11.000000	2.000000	1932.839	0.000000
xuwei	89.000000	4.000000	11.000000	2.000000	1161.686	0.000000
xuwei	90.000000	9.000000	11.000000	1.000000	1116.519	0.000000
xuwei	91.000000	12.000000	17.000000	2.000000	2147.860	1.000000
xuwei	92.000000	4.000000	10.000000	2.000000	1330.070	0.000000
xuwei	93.000000	1.000000	13.000000	2.000000	1136.212	1.000000
xuwei	94.000000	3.000000	7.000000	2.000000	1038.498	0.000000
xuwei	95.000000	1.000000	18.000000	1.000000	2767.732	1.000000
xuwei	96.000000	10.000000	15.000000	2.000000	1646.087	0.000000
xuwei	97.000000	5.000000	15.000000	1.000000	2336.905	0.000000
xuwei	98.000000	1.000000	3.000000	2.000000	1649.272	0.000000
xuwei	99.000000	2.000000	17.000000	2.000000	2155.983	0.000000
xuwei	100.000000	8.000000	12.000000	1.000000	928.953	1.000000
xuwei	101.000000	14.000000	19.000000	1.000000	1752.377	0.000000
xuwei	102.000000	2.000000	4.000000	1.000000	1285.280	0.000000
xuwei	103.000000	9.000000	14.000000	1.000000	1085.454	0.000000
xuwei	104.000000	12.000000	13.000000	1.000000	3159.479	0.000000
xuwei	105.000000	7.000000	9.000000	2.000000	1532.579	1.000000
xuwei	106.000000	3.000000	18.000000	2.000000	1451.986	0.000000
xuwei	107.000000	5.000000	18.000000	2.000000	2470.788	0.000000
xuwei	108.000000	7.000000	8.000000	1.000000	1529.041	0.000000
xuwei	109.000000	8.000000	16.000000	2.000000	1808.579	0.000000
xuwei	110.000000	5.000000	17.000000	2.000000	1875.928	0.000000
xuwei	111.000000	15.000000	20.000000	1.000000	1428.359	0.000000
xuwei	112.000000	6.000000	9.000000	2.000000	3590.545	0.000000
xuwei	113.000000	1.000000	15.000000	2.000000	1498.822	1.000000
xuwei	114.000000	14.000000	17.000000	2.000000	1963.701	0.000000
xuwei	115.000000	5.000000	13.000000	1.000000	3537.847	0.000000
xuwei	116.000000	3.000000	11.000000	1.000000	2808.936	0.000000
xuwei	117.000000	11.000000	15.000000	2.000000	1756.488	1.000000
xuwei	118.000000	5.000000	9.000000	1.000000	2788.065	1.000000
xuwei	119.000000	7.000000	11.000000	1.000000	8434.813	0.000000
xuwei	120.000000	7.000000	16.000000	2.000000	1949.770	1.000000
xuwei	121.000000	9.000000	10.000000	2.000000	1701.614	1.000000
xuwei	122.000000	13.000000	18.000000	1.000000	2501.828	1.000000
xuwei	123.000000	7.000000	10.000000	2.000000	1913.340	1.000000
xuwei	124.000000	1.000000	17.000000	2.000000	1384.840	0.000000
xuwei	125.000000	15.000000	17.000000	1.000000	4141.605	0.000000
xuwei	126.000000	17.000000	20.000000	1.000000	1947.421	0.000000
xuwei	127.000000	3.000000	10.000000	2.000000	2218.960	0.000000
xuwei	128.000000	1.000000	11.000000	1.000000	2149.291	1.000000
xuwei	129.000000	13.000000	16.000000	1.000000	2236.696	1.000000
xuwei	130.000000	1.000000	20.000000	1.000000	2423.707	0.000000
xuwei	131.000000	10.000000	18.000000	2.000000	2001.868	0.000000
xuwei	132.000000	4.000000	18.000000	1.000000	1901.432	1.000000
xuwei	133.000000	15.000000	16.000000	2.000000	4958.273	0.000000
xuwei	134.000000	11.000000	19.000000	2.000000	2668.444	1.000000
xuwei	135.000000	5.000000	16.000000	2.000000	1654.507	1.000000
xuwei	136.000000	1.000000	2.000000	1.000000	2210.037	0.000000
xuwei	137.000000	1.000000	10.000000	1.000000	3078.147	0.000000
xuwei	138.000000	4.000000	6.000000	2.000000	5040.361	0.000000
xuwei	139.000000	9.000000	13.000000	1.000000	2796.336	0.000000
xuwei	140.000000	7.000000	14.000000	2.000000	1800.493	1.000000
xuwei	141.000000	11.000000	12.000000	2.000000	3973.471	0.000000
xuwei	142.000000	1.000000	6.000000	1.000000	2243.713	0.000000
xuwei	143.000000	17.000000	18.000000	2.000000	3669.354	0.000000
xuwei	144.000000	15.000000	19.000000	2.000000	1374.409	1.000000
xuwei	145.000000	1.000000	12.000000	2.000000	4771.203	1.000000
xuwei	146.000000	11.000000	18.000000	2.000000	2394.472	0.000000
xuwei	147.000000	8.000000	17.000000	2.000000	1629.879	0.000000
xuwei	148.000000	8.000000	18.000000	1.000000	2231.514	1.000000
xuwei	149.000000	8.000000	15.000000	1.000000	3107.718	0.000000
xuwei	150.000000	6.000000	16.000000	1.000000	3515.850	0.000000
xuwei	151.000000	2.000000	9.000000	1.000000	2449.758	0.000000
xuwei	152.000000	9.000000	19.000000	1.000000	2395.216	0.000000
xuwei	153.000000	10.000000	19.000000	1.000000	4094.191	0.000000
xuwei	154.000000	8.000000	9.000000	1.000000	2510.524	1.000000
xuwei	155.000000	8.000000	10.000000	2.000000	3094.883	1.000000
xuwei	156.000000	2.000000	6.000000	2.000000	1087.865	0.000000
xuwei	157.000000	1.000000	16.000000	1.000000	1607.928	0.000000
xuwei	158.000000	3.000000	8.000000	2.000000	2571.567	1.000000
xuwei	159.000000	7.000000	17.000000	2.000000	1369.794	0.000000
xuwei	160.000000	3.000000	4.000000	1.000000	1446.629	0.000000
xuwei	161.000000	10.000000	11.000000	1.000000	4475.540	0.000000
xuwei	162.000000	4.000000	8.000000	1.000000	2221.564	1.000000
xuwei	163.000000	4.000000	17.000000	2.000000	2017.053	0.000000
xuwei	164.000000	4.000000	19.000000	2.000000	2133.290	1.000000
xuwei	165.000000	3.000000	19.000000	2.000000	1772.146	1.000000
xuwei	166.000000	6.000000	18.000000	2.000000	2009.668	0.000000
xuwei	167.000000	6.000000	13.000000	1.000000	5443.749	1.000000
xuwei	168.000000	9.000000	17.000000	2.000000	2319.088	0.000000
xuwei	169.000000	1.000000	7.000000	1.000000	1142.002	0.000000
xuwei	170.000000	2.000000	5.000000	1.000000	3130.176	1.000000
xuwei	171.000000	4.000000	15.000000	1.000000	1409.758	1.000000
xuwei	172.000000	5.000000	10.000000	2.000000	2309.939	1.000000
xuwei	173.000000	2.000000	7.000000	2.000000	2677.422	0.000000
xuwei	174.000000	10.000000	13.000000	1.000000	2797.093	1.000000
xuwei	175.000000	10.000000	14.000000	2.000000	1674.058	1.000000
xuwei	176.000000	1.000000	5.000000	1.000000	2290.934	0.000000
xuwei	177.000000	2.000000	18.000000	2.000000	2049.798	0.000000
xuwei	178.000000	4.000000	20.000000	1.000000	2035.452	1.000000
xuwei	179.000000	2.000000	8.000000	1.000000	3605.612	1.000000
xuwei	180.000000	8.000000	13.000000	2.000000	3145.947	0.000000
xuwei	181.000000	14.000000	20.000000	2.000000	3711.540	0.000000
xuwei	182.000000	16.000000	17.000000	2.000000	2310.750	1.000000
xuwei	183.000000	3.000000	14.000000	1.000000	1656.859	0.000000
xuwei	184.000000	11.000000	13.000000	2.000000	6186.944	0.000000
xuwei	185.000000	6.000000	10.000000	1.000000	3096.327	0.000000
xuwei	186.000000	15.000000	18.000000	1.000000	3280.648	0.000000
xuwei	187.000000	7.000000	19.000000	1.000000	2368.264	0.000000
xuwei	188.000000	9.000000	12.000000	1.000000	4181.190	1.000000
xuwei	189.000000	5.000000	8.000000	2.000000	2523.589	0.000000
xuwei	190.000000	16.000000	20.000000	1.000000	1436.002	0.000000
