Sub	Trial	img1	img2	pos_ran	RT	Reaction
guoyang	1.000000	3.000000	5.000000	2.000000	3752.621	1.000000
guoyang	2.000000	15.000000	16.000000	1.000000	4462.771	1.000000
guoyang	3.000000	4.000000	15.000000	2.000000	2370.609	0.000000
guoyang	4.000000	9.000000	14.000000	1.000000	3856.385	0.000000
guoyang	5.000000	8.000000	18.000000	2.000000	3442.216	0.000000
guoyang	6.000000	5.000000	8.000000	2.000000	3584.383	1.000000
guoyang	7.000000	5.000000	18.000000	1.000000	2402.060	1.000000
guoyang	8.000000	18.000000	19.000000	2.000000	4672.849	1.000000
guoyang	9.000000	5.000000	11.000000	2.000000	4346.483	1.000000
guoyang	10.000000	7.000000	16.000000	2.000000	6831.482	0.000000
guoyang	11.000000	14.000000	19.000000	2.000000	5736.046	0.000000
guoyang	12.000000	9.000000	20.000000	2.000000	6209.426	1.000000
guoyang	13.000000	2.000000	13.000000	2.000000	5226.044	1.000000
guoyang	14.000000	11.000000	19.000000	1.000000	6443.356	1.000000
guoyang	15.000000	17.000000	19.000000	1.000000	6163.935	0.000000
guoyang	16.000000	7.000000	20.000000	2.000000	5101.908	1.000000
guoyang	17.000000	14.000000	17.000000	2.000000	3362.020	0.000000
guoyang	18.000000	7.000000	10.000000	2.000000	15676.903	0.000000
guoyang	19.000000	4.000000	5.000000	1.000000	10544.809	1.000000
guoyang	20.000000	2.000000	5.000000	1.000000	7943.663	0.000000
guoyang	21.000000	15.000000	19.000000	2.000000	4840.514	1.000000
guoyang	22.000000	11.000000	16.000000	2.000000	6047.808	0.000000
guoyang	23.000000	16.000000	18.000000	1.000000	8303.834	0.000000
guoyang	24.000000	12.000000	20.000000	1.000000	4722.512	0.000000
guoyang	25.000000	7.000000	11.000000	2.000000	3605.769	0.000000
guoyang	26.000000	2.000000	6.000000	2.000000	2164.716	1.000000
guoyang	27.000000	10.000000	15.000000	1.000000	8077.308	1.000000
guoyang	28.000000	4.000000	16.000000	2.000000	2397.380	0.000000
guoyang	29.000000	5.000000	14.000000	1.000000	2604.376	0.000000
guoyang	30.000000	6.000000	12.000000	2.000000	2161.210	0.000000
guoyang	31.000000	8.000000	17.000000	2.000000	3620.415	0.000000
guoyang	32.000000	13.000000	20.000000	2.000000	16615.078	1.000000
guoyang	33.000000	2.000000	7.000000	2.000000	2957.168	1.000000
guoyang	34.000000	7.000000	12.000000	1.000000	3563.140	1.000000
guoyang	35.000000	5.000000	16.000000	1.000000	7572.525	1.000000
guoyang	36.000000	2.000000	12.000000	2.000000	6924.553	1.000000
guoyang	37.000000	1.000000	15.000000	2.000000	1813.538	1.000000
guoyang	38.000000	7.000000	13.000000	2.000000	3828.251	0.000000
guoyang	39.000000	1.000000	9.000000	2.000000	10275.616	1.000000
guoyang	40.000000	12.000000	14.000000	2.000000	2163.281	1.000000
guoyang	41.000000	10.000000	11.000000	1.000000	4614.980	1.000000
guoyang	42.000000	8.000000	15.000000	1.000000	4344.962	1.000000
guoyang	43.000000	11.000000	17.000000	2.000000	4625.975	1.000000
guoyang	44.000000	13.000000	17.000000	1.000000	2274.239	1.000000
guoyang	45.000000	5.000000	17.000000	1.000000	2285.555	1.000000
guoyang	46.000000	2.000000	10.000000	1.000000	1546.084	0.000000
guoyang	47.000000	5.000000	13.000000	1.000000	1484.437	0.000000
guoyang	48.000000	15.000000	18.000000	2.000000	2261.234	0.000000
guoyang	49.000000	1.000000	16.000000	2.000000	2551.840	1.000000
guoyang	50.000000	5.000000	15.000000	2.000000	1728.466	1.000000
guoyang	51.000000	7.000000	8.000000	2.000000	2079.579	1.000000
guoyang	52.000000	6.000000	17.000000	1.000000	1671.595	1.000000
guoyang	53.000000	12.000000	15.000000	1.000000	1383.831	0.000000
guoyang	54.000000	4.000000	20.000000	2.000000	1912.749	0.000000
guoyang	55.000000	14.000000	15.000000	1.000000	2588.162	1.000000
guoyang	56.000000	3.000000	12.000000	2.000000	3950.233	0.000000
guoyang	57.000000	14.000000	18.000000	1.000000	3112.126	1.000000
guoyang	58.000000	3.000000	19.000000	2.000000	1494.449	1.000000
guoyang	59.000000	6.000000	16.000000	1.000000	2670.365	1.000000
guoyang	60.000000	5.000000	20.000000	1.000000	3572.839	1.000000
guoyang	61.000000	10.000000	20.000000	1.000000	3968.253	1.000000
guoyang	62.000000	9.000000	10.000000	1.000000	9219.832	0.000000
guoyang	63.000000	17.000000	18.000000	2.000000	7862.038	0.000000
guoyang	64.000000	17.000000	20.000000	1.000000	4578.351	0.000000
guoyang	65.000000	13.000000	19.000000	2.000000	3820.420	1.000000
guoyang	66.000000	8.000000	20.000000	2.000000	3827.858	0.000000
guoyang	67.000000	15.000000	20.000000	2.000000	1956.126	1.000000
guoyang	68.000000	2.000000	3.000000	2.000000	6763.345	1.000000
guoyang	69.000000	1.000000	4.000000	2.000000	5303.355	1.000000
guoyang	70.000000	10.000000	13.000000	1.000000	2089.529	0.000000
guoyang	71.000000	16.000000	20.000000	2.000000	2245.900	1.000000
guoyang	72.000000	9.000000	11.000000	1.000000	2362.072	0.000000
guoyang	73.000000	12.000000	13.000000	1.000000	2305.356	0.000000
guoyang	74.000000	9.000000	18.000000	1.000000	1490.703	0.000000
guoyang	75.000000	11.000000	18.000000	1.000000	2492.552	0.000000
guoyang	76.000000	5.000000	10.000000	1.000000	2162.690	0.000000
guoyang	77.000000	8.000000	16.000000	1.000000	1698.443	1.000000
guoyang	78.000000	1.000000	17.000000	2.000000	9020.925	1.000000
guoyang	79.000000	11.000000	12.000000	2.000000	2989.733	0.000000
guoyang	80.000000	6.000000	20.000000	1.000000	1757.749	1.000000
guoyang	81.000000	1.000000	6.000000	2.000000	2397.423	1.000000
guoyang	82.000000	14.000000	20.000000	1.000000	2315.336	1.000000
guoyang	83.000000	6.000000	11.000000	2.000000	4348.180	0.000000
guoyang	84.000000	9.000000	19.000000	1.000000	2053.539	0.000000
guoyang	85.000000	16.000000	17.000000	1.000000	2313.133	0.000000
guoyang	86.000000	11.000000	13.000000	2.000000	2825.257	0.000000
guoyang	87.000000	9.000000	12.000000	1.000000	6175.644	1.000000
guoyang	88.000000	12.000000	18.000000	1.000000	3387.154	0.000000
guoyang	89.000000	3.000000	10.000000	2.000000	3619.606	1.000000
guoyang	90.000000	4.000000	18.000000	1.000000	6481.463	1.000000
guoyang	91.000000	5.000000	12.000000	2.000000	10545.435	1.000000
guoyang	92.000000	6.000000	13.000000	2.000000	7389.708	0.000000
guoyang	93.000000	2.000000	11.000000	2.000000	5142.526	1.000000
guoyang	94.000000	2.000000	9.000000	2.000000	5490.479	1.000000
guoyang	95.000000	3.000000	13.000000	2.000000	5788.948	1.000000
guoyang	96.000000	6.000000	9.000000	1.000000	1383.336	1.000000
guoyang	97.000000	18.000000	20.000000	2.000000	4464.371	1.000000
guoyang	98.000000	8.000000	14.000000	2.000000	5325.813	1.000000
guoyang	99.000000	1.000000	12.000000	2.000000	3953.352	1.000000
guoyang	100.000000	11.000000	20.000000	2.000000	9148.420	1.000000
guoyang	101.000000	3.000000	9.000000	2.000000	1456.702	1.000000
guoyang	102.000000	2.000000	4.000000	1.000000	1877.361	0.000000
guoyang	103.000000	6.000000	10.000000	1.000000	2359.292	1.000000
guoyang	104.000000	6.000000	7.000000	1.000000	3359.908	1.000000
guoyang	105.000000	10.000000	17.000000	1.000000	5088.851	1.000000
guoyang	106.000000	5.000000	6.000000	1.000000	3786.900	0.000000
guoyang	107.000000	9.000000	16.000000	1.000000	5306.527	1.000000
guoyang	108.000000	2.000000	15.000000	1.000000	2438.947	0.000000
guoyang	109.000000	13.000000	16.000000	2.000000	5845.927	0.000000
guoyang	110.000000	6.000000	18.000000	2.000000	5435.639	0.000000
guoyang	111.000000	7.000000	15.000000	2.000000	2577.312	1.000000
guoyang	112.000000	3.000000	15.000000	1.000000	3352.399	0.000000
guoyang	113.000000	4.000000	14.000000	1.000000	5646.111	0.000000
guoyang	114.000000	4.000000	12.000000	2.000000	1463.587	0.000000
guoyang	115.000000	2.000000	18.000000	1.000000	6769.682	0.000000
guoyang	116.000000	3.000000	18.000000	1.000000	2811.678	0.000000
guoyang	117.000000	1.000000	14.000000	1.000000	4058.488	0.000000
guoyang	118.000000	13.000000	18.000000	1.000000	7420.090	1.000000
guoyang	119.000000	3.000000	7.000000	2.000000	3493.787	1.000000
guoyang	120.000000	5.000000	9.000000	1.000000	4625.462	0.000000
guoyang	121.000000	7.000000	14.000000	2.000000	2550.177	1.000000
guoyang	122.000000	4.000000	6.000000	2.000000	2337.366	0.000000
guoyang	123.000000	5.000000	7.000000	2.000000	1594.788	1.000000
guoyang	124.000000	5.000000	19.000000	2.000000	2841.384	1.000000
guoyang	125.000000	6.000000	19.000000	1.000000	3088.129	1.000000
guoyang	126.000000	9.000000	13.000000	1.000000	4195.311	0.000000
guoyang	127.000000	4.000000	7.000000	1.000000	1749.261	1.000000
guoyang	128.000000	10.000000	12.000000	2.000000	3006.001	0.000000
guoyang	129.000000	3.000000	20.000000	1.000000	4438.756	0.000000
guoyang	130.000000	1.000000	5.000000	1.000000	4565.750	0.000000
guoyang	131.000000	12.000000	17.000000	1.000000	6156.960	1.000000
guoyang	132.000000	2.000000	8.000000	1.000000	2284.104	0.000000
guoyang	133.000000	6.000000	8.000000	2.000000	5314.911	0.000000
guoyang	134.000000	2.000000	17.000000	2.000000	9524.110	1.000000
guoyang	135.000000	10.000000	18.000000	2.000000	2664.273	0.000000
guoyang	136.000000	7.000000	18.000000	2.000000	5213.370	0.000000
guoyang	137.000000	4.000000	8.000000	2.000000	11107.425	0.000000
guoyang	138.000000	13.000000	15.000000	1.000000	1658.195	1.000000
guoyang	139.000000	7.000000	19.000000	1.000000	2389.482	0.000000
guoyang	140.000000	3.000000	17.000000	2.000000	7285.771	0.000000
guoyang	141.000000	13.000000	14.000000	2.000000	3705.703	1.000000
guoyang	142.000000	1.000000	18.000000	2.000000	4870.780	0.000000
guoyang	143.000000	19.000000	20.000000	1.000000	2332.403	1.000000
guoyang	144.000000	11.000000	14.000000	1.000000	5050.403	0.000000
guoyang	145.000000	1.000000	8.000000	1.000000	6132.234	0.000000
guoyang	146.000000	4.000000	11.000000	2.000000	7015.621	1.000000
guoyang	147.000000	8.000000	13.000000	2.000000	2929.136	1.000000
guoyang	148.000000	1.000000	20.000000	1.000000	6307.349	0.000000
guoyang	149.000000	1.000000	2.000000	1.000000	2461.444	0.000000
guoyang	150.000000	3.000000	11.000000	2.000000	2977.374	1.000000
guoyang	151.000000	2.000000	19.000000	1.000000	1810.508	0.000000
guoyang	152.000000	11.000000	15.000000	2.000000	12600.047	1.000000
guoyang	153.000000	1.000000	19.000000	1.000000	1402.727	0.000000
guoyang	154.000000	1.000000	7.000000	2.000000	6058.058	1.000000
guoyang	155.000000	9.000000	15.000000	1.000000	5065.988	0.000000
guoyang	156.000000	4.000000	19.000000	2.000000	4206.237	1.000000
guoyang	157.000000	3.000000	16.000000	2.000000	5142.333	0.000000
guoyang	158.000000	2.000000	14.000000	1.000000	1679.824	0.000000
guoyang	159.000000	6.000000	14.000000	1.000000	1923.835	1.000000
guoyang	160.000000	9.000000	17.000000	2.000000	2733.726	0.000000
guoyang	161.000000	8.000000	12.000000	1.000000	13828.130	1.000000
guoyang	162.000000	8.000000	9.000000	2.000000	3123.145	0.000000
guoyang	163.000000	1.000000	10.000000	1.000000	1795.625	0.000000
guoyang	164.000000	4.000000	17.000000	2.000000	5217.589	0.000000
guoyang	165.000000	3.000000	6.000000	1.000000	3472.375	0.000000
guoyang	166.000000	6.000000	15.000000	1.000000	1804.487	1.000000
guoyang	167.000000	2.000000	20.000000	1.000000	2917.530	0.000000
guoyang	168.000000	1.000000	13.000000	2.000000	2361.148	1.000000
guoyang	169.000000	4.000000	9.000000	2.000000	1147.265	0.000000
guoyang	170.000000	14.000000	16.000000	1.000000	1516.372	1.000000
guoyang	171.000000	15.000000	17.000000	2.000000	2478.189	0.000000
guoyang	172.000000	10.000000	14.000000	1.000000	1725.858	0.000000
guoyang	173.000000	3.000000	14.000000	2.000000	1473.758	1.000000
guoyang	174.000000	12.000000	16.000000	1.000000	1237.006	0.000000
guoyang	175.000000	12.000000	19.000000	1.000000	1462.400	0.000000
guoyang	176.000000	4.000000	13.000000	1.000000	2947.779	1.000000
guoyang	177.000000	2.000000	16.000000	2.000000	1790.952	1.000000
guoyang	178.000000	7.000000	17.000000	2.000000	2169.538	0.000000
guoyang	179.000000	8.000000	10.000000	1.000000	3647.432	1.000000
guoyang	180.000000	8.000000	19.000000	1.000000	5149.109	0.000000
guoyang	181.000000	7.000000	9.000000	1.000000	5879.968	0.000000
guoyang	182.000000	1.000000	3.000000	1.000000	4654.212	1.000000
guoyang	183.000000	4.000000	10.000000	1.000000	3892.654	1.000000
guoyang	184.000000	8.000000	11.000000	2.000000	8413.519	1.000000
guoyang	185.000000	10.000000	16.000000	1.000000	4165.610	1.000000
guoyang	186.000000	3.000000	4.000000	2.000000	2592.744	1.000000
guoyang	187.000000	1.000000	11.000000	2.000000	8761.097	1.000000
guoyang	188.000000	3.000000	8.000000	1.000000	1850.778	0.000000
guoyang	189.000000	16.000000	19.000000	2.000000	1950.359	1.000000
guoyang	190.000000	10.000000	19.000000	2.000000	1797.779	1.000000
