Sub	Trial	img1	img2	pos_ran	RT	Reaction
tes	1.000000	1.000000	10.000000	2.000000	1133.650	1.000000
tes	2.000000	14.000000	17.000000	2.000000	29.416	1.000000
tes	3.000000	11.000000	12.000000	2.000000	 0.454	1.000000
tes	4.000000	2.000000	18.000000	1.000000	 3.452	1.000000
tes	5.000000	6.000000	20.000000	1.000000	 4.418	1.000000
tes	6.000000	6.000000	13.000000	2.000000	 0.359	1.000000
tes	7.000000	3.000000	9.000000	2.000000	 0.753	1.000000
tes	8.000000	3.000000	19.000000	1.000000	 0.613	1.000000
tes	9.000000	12.000000	16.000000	1.000000	 0.507	1.000000
tes	10.000000	14.000000	18.000000	2.000000	 0.605	1.000000
tes	11.000000	3.000000	12.000000	2.000000	 0.624	1.000000
tes	12.000000	5.000000	13.000000	1.000000	93.513	1.000000
tes	13.000000	10.000000	19.000000	2.000000	 0.502	1.000000
tes	14.000000	7.000000	13.000000	1.000000	84.544	1.000000
tes	15.000000	8.000000	19.000000	2.000000	 0.818	1.000000
tes	16.000000	16.000000	20.000000	2.000000	102.538	1.000000
tes	17.000000	12.000000	14.000000	2.000000	 0.391	1.000000
tes	18.000000	5.000000	17.000000	2.000000	 1.173	1.000000
tes	19.000000	10.000000	17.000000	1.000000	 0.465	1.000000
tes	20.000000	13.000000	14.000000	1.000000	 0.558	1.000000
tes	21.000000	5.000000	7.000000	2.000000	 0.322	1.000000
tes	22.000000	2.000000	8.000000	2.000000	 1.198	1.000000
tes	23.000000	12.000000	20.000000	2.000000	 0.649	1.000000
tes	24.000000	11.000000	15.000000	2.000000	 0.423	1.000000
tes	25.000000	8.000000	16.000000	2.000000	 0.745	1.000000
tes	26.000000	11.000000	18.000000	1.000000	 1.040	1.000000
tes	27.000000	9.000000	17.000000	1.000000	 0.453	1.000000
tes	28.000000	18.000000	20.000000	2.000000	 0.413	1.000000
tes	29.000000	5.000000	8.000000	1.000000	 0.857	1.000000
tes	30.000000	13.000000	18.000000	1.000000	 0.792	1.000000
tes	31.000000	7.000000	18.000000	1.000000	 0.532	1.000000
tes	32.000000	2.000000	19.000000	1.000000	 1.317	1.000000
tes	33.000000	3.000000	15.000000	2.000000	 0.694	1.000000
tes	34.000000	4.000000	11.000000	2.000000	 0.895	1.000000
tes	35.000000	19.000000	20.000000	2.000000	 1.336	1.000000
tes	36.000000	6.000000	12.000000	2.000000	 0.483	1.000000
tes	37.000000	10.000000	14.000000	1.000000	 0.472	1.000000
tes	38.000000	5.000000	9.000000	1.000000	 0.439	1.000000
tes	39.000000	3.000000	17.000000	2.000000	 0.429	1.000000
tes	40.000000	5.000000	10.000000	1.000000	 0.325	1.000000
tes	41.000000	9.000000	11.000000	2.000000	89.771	1.000000
tes	42.000000	7.000000	14.000000	1.000000	 0.510	1.000000
tes	43.000000	6.000000	10.000000	2.000000	 0.422	1.000000
tes	44.000000	8.000000	17.000000	1.000000	 0.346	1.000000
tes	45.000000	10.000000	11.000000	1.000000	 0.981	1.000000
tes	46.000000	3.000000	18.000000	1.000000	 1.294	1.000000
tes	47.000000	3.000000	14.000000	1.000000	 1.041	1.000000
tes	48.000000	11.000000	14.000000	2.000000	 0.677	1.000000
tes	49.000000	3.000000	16.000000	1.000000	 0.476	1.000000
tes	50.000000	4.000000	20.000000	2.000000	 0.715	1.000000
tes	51.000000	4.000000	16.000000	2.000000	 1.108	1.000000
tes	52.000000	9.000000	12.000000	2.000000	 0.775	1.000000
tes	53.000000	3.000000	6.000000	2.000000	 0.593	1.000000
tes	54.000000	10.000000	15.000000	2.000000	 0.976	1.000000
tes	55.000000	1.000000	17.000000	1.000000	 0.835	1.000000
tes	56.000000	10.000000	18.000000	2.000000	 0.448	1.000000
tes	57.000000	2.000000	6.000000	1.000000	 1.311	1.000000
tes	58.000000	4.000000	15.000000	1.000000	 0.431	1.000000
tes	59.000000	4.000000	5.000000	1.000000	 1.480	1.000000
tes	60.000000	8.000000	11.000000	1.000000	 5.021	1.000000
tes	61.000000	15.000000	20.000000	1.000000	 0.468	1.000000
tes	62.000000	14.000000	15.000000	1.000000	 2.848	1.000000
tes	63.000000	6.000000	16.000000	2.000000	 2.191	1.000000
tes	64.000000	12.000000	13.000000	2.000000	 0.826	1.000000
tes	65.000000	12.000000	15.000000	1.000000	 0.588	1.000000
tes	66.000000	10.000000	13.000000	2.000000	 2.425	1.000000
tes	67.000000	6.000000	15.000000	1.000000	 2.421	1.000000
tes	68.000000	11.000000	16.000000	2.000000	 0.469	1.000000
tes	69.000000	7.000000	16.000000	1.000000	 0.615	1.000000
tes	70.000000	11.000000	20.000000	1.000000	 3.825	1.000000
tes	71.000000	6.000000	17.000000	2.000000	 0.602	1.000000
tes	72.000000	9.000000	10.000000	1.000000	 1.471	1.000000
tes	73.000000	17.000000	19.000000	1.000000	 0.450	1.000000
tes	74.000000	13.000000	20.000000	2.000000	 1.191	1.000000
tes	75.000000	7.000000	11.000000	1.000000	 1.496	1.000000
tes	76.000000	8.000000	18.000000	2.000000	16.201	1.000000
tes	77.000000	3.000000	11.000000	2.000000	16.156	1.000000
tes	78.000000	16.000000	19.000000	2.000000	 1.942	1.000000
tes	79.000000	6.000000	11.000000	2.000000	 4.196	1.000000
tes	80.000000	8.000000	12.000000	2.000000	 5.684	1.000000
tes	81.000000	4.000000	19.000000	1.000000	104.921	1.000000
tes	82.000000	10.000000	20.000000	2.000000	 7.872	1.000000
tes	83.000000	4.000000	10.000000	2.000000	 1.818	1.000000
tes	84.000000	7.000000	12.000000	2.000000	 5.386	1.000000
tes	85.000000	11.000000	17.000000	2.000000	27.452	1.000000
tes	86.000000	8.000000	13.000000	2.000000	 4.157	1.000000
tes	87.000000	6.000000	18.000000	1.000000	11.181	1.000000
tes	88.000000	9.000000	15.000000	1.000000	12.176	1.000000
tes	89.000000	1.000000	15.000000	1.000000	19.872	1.000000
tes	90.000000	3.000000	4.000000	1.000000	11.486	1.000000
tes	91.000000	3.000000	13.000000	1.000000	14.119	1.000000
tes	92.000000	4.000000	12.000000	1.000000	 9.745	1.000000
tes	93.000000	1.000000	18.000000	1.000000	 0.311	1.000000
tes	94.000000	4.000000	8.000000	2.000000	 2.600	1.000000
tes	95.000000	12.000000	17.000000	2.000000	 0.987	1.000000
tes	96.000000	6.000000	9.000000	2.000000	 1.083	1.000000
tes	97.000000	8.000000	20.000000	1.000000	 9.618	1.000000
tes	98.000000	15.000000	16.000000	1.000000	10.055	1.000000
tes	99.000000	1.000000	14.000000	2.000000	 6.056	1.000000
tes	100.000000	13.000000	17.000000	1.000000	 0.425	1.000000
tes	101.000000	4.000000	9.000000	1.000000	10.508	1.000000
tes	102.000000	4.000000	6.000000	1.000000	 2.976	1.000000
tes	103.000000	7.000000	20.000000	1.000000	 0.515	1.000000
tes	104.000000	3.000000	7.000000	2.000000	 8.971	1.000000
tes	105.000000	16.000000	18.000000	1.000000	 6.471	1.000000
tes	106.000000	7.000000	9.000000	2.000000	 2.333	1.000000
tes	107.000000	1.000000	3.000000	2.000000	 0.590	1.000000
tes	108.000000	9.000000	20.000000	2.000000	 0.796	1.000000
tes	109.000000	4.000000	17.000000	2.000000	 4.299	1.000000
tes	110.000000	5.000000	12.000000	1.000000	 1.504	1.000000
tes	111.000000	1.000000	20.000000	1.000000	 1.552	1.000000
tes	112.000000	2.000000	17.000000	1.000000	 0.642	1.000000
tes	113.000000	2.000000	15.000000	2.000000	 0.727	1.000000
tes	114.000000	1.000000	6.000000	1.000000	 0.788	1.000000
tes	115.000000	2.000000	5.000000	1.000000	 0.726	1.000000
tes	116.000000	10.000000	12.000000	1.000000	 0.333	1.000000
tes	117.000000	14.000000	20.000000	1.000000	 0.485	1.000000
tes	118.000000	17.000000	20.000000	2.000000	 0.543	1.000000
tes	119.000000	1.000000	12.000000	2.000000	 0.585	1.000000
tes	120.000000	3.000000	10.000000	2.000000	 1.123	1.000000
tes	121.000000	5.000000	11.000000	2.000000	105.792	1.000000
tes	122.000000	2.000000	9.000000	2.000000	14.191	1.000000
tes	123.000000	3.000000	8.000000	1.000000	16.060	1.000000
tes	124.000000	12.000000	19.000000	1.000000	 0.354	1.000000
tes	125.000000	3.000000	20.000000	2.000000	 0.454	1.000000
tes	126.000000	4.000000	18.000000	2.000000	 0.505	1.000000
tes	127.000000	6.000000	19.000000	2.000000	89.786	1.000000
tes	128.000000	2.000000	10.000000	1.000000	 1.445	1.000000
tes	129.000000	7.000000	15.000000	1.000000	 0.873	1.000000
tes	130.000000	2.000000	7.000000	1.000000	 0.381	1.000000
tes	131.000000	14.000000	19.000000	2.000000	 0.911	1.000000
tes	132.000000	9.000000	14.000000	2.000000	17.971	1.000000
tes	133.000000	16.000000	17.000000	1.000000	 0.390	1.000000
tes	134.000000	4.000000	7.000000	1.000000	 1.527	1.000000
tes	135.000000	1.000000	5.000000	2.000000	 0.452	1.000000
tes	136.000000	8.000000	9.000000	1.000000	 0.757	1.000000
tes	137.000000	15.000000	18.000000	2.000000	 0.497	1.000000
tes	138.000000	5.000000	15.000000	1.000000	 0.467	1.000000
tes	139.000000	15.000000	17.000000	2.000000	 0.666	1.000000
tes	140.000000	2.000000	11.000000	1.000000	 0.845	1.000000
tes	141.000000	9.000000	19.000000	2.000000	 0.677	1.000000
tes	142.000000	5.000000	16.000000	2.000000	 0.486	1.000000
tes	143.000000	2.000000	4.000000	1.000000	 0.494	1.000000
tes	144.000000	18.000000	19.000000	1.000000	 0.360	1.000000
tes	145.000000	9.000000	18.000000	2.000000	 0.651	1.000000
tes	146.000000	14.000000	16.000000	1.000000	 1.588	1.000000
tes	147.000000	12.000000	18.000000	2.000000	 0.407	1.000000
tes	148.000000	8.000000	14.000000	1.000000	 0.847	1.000000
tes	149.000000	2.000000	14.000000	2.000000	 5.356	1.000000
tes	150.000000	13.000000	15.000000	1.000000	16.005	1.000000
tes	151.000000	17.000000	18.000000	1.000000	11.997	1.000000
tes	152.000000	15.000000	19.000000	1.000000	 1.459	1.000000
tes	153.000000	6.000000	8.000000	2.000000	 0.726	1.000000
tes	154.000000	1.000000	16.000000	2.000000	 0.465	1.000000
tes	155.000000	1.000000	7.000000	1.000000	 0.453	1.000000
tes	156.000000	8.000000	15.000000	2.000000	 0.321	1.000000
tes	157.000000	13.000000	19.000000	1.000000	 0.714	1.000000
tes	158.000000	7.000000	8.000000	2.000000	 0.541	1.000000
tes	159.000000	3.000000	5.000000	1.000000	 1.184	1.000000
tes	160.000000	2.000000	3.000000	1.000000	 0.564	1.000000
tes	161.000000	1.000000	2.000000	1.000000	 0.670	1.000000
tes	162.000000	4.000000	13.000000	2.000000	 1.250	1.000000
tes	163.000000	7.000000	10.000000	2.000000	 0.561	1.000000
tes	164.000000	6.000000	7.000000	1.000000	 0.638	1.000000
tes	165.000000	5.000000	18.000000	1.000000	 0.467	1.000000
tes	166.000000	2.000000	20.000000	1.000000	 1.004	1.000000
tes	167.000000	1.000000	11.000000	1.000000	110.106	0.000000
tes	168.000000	4.000000	14.000000	1.000000	 1.096	0.000000
tes	169.000000	1.000000	8.000000	2.000000	 0.787	0.000000
tes	170.000000	2.000000	12.000000	1.000000	78.173	0.000000
tes	171.000000	10.000000	16.000000	2.000000	 0.765	0.000000
tes	172.000000	11.000000	13.000000	2.000000	 0.526	0.000000
tes	173.000000	7.000000	17.000000	1.000000	 0.499	0.000000
tes	174.000000	1.000000	19.000000	2.000000	 0.590	0.000000
tes	175.000000	13.000000	16.000000	2.000000	 0.561	0.000000
tes	176.000000	9.000000	13.000000	2.000000	 1.166	0.000000
tes	177.000000	9.000000	16.000000	2.000000	 0.690	0.000000
tes	178.000000	2.000000	16.000000	1.000000	 0.526	0.000000
tes	179.000000	1.000000	4.000000	1.000000	 0.490	0.000000
tes	180.000000	5.000000	14.000000	2.000000	 0.987	0.000000
tes	181.000000	5.000000	19.000000	2.000000	 0.451	0.000000
tes	182.000000	6.000000	14.000000	1.000000	 0.472	0.000000
tes	183.000000	5.000000	6.000000	1.000000	 0.848	0.000000
tes	184.000000	2.000000	13.000000	1.000000	 0.525	0.000000
tes	185.000000	5.000000	20.000000	1.000000	 0.490	0.000000
tes	186.000000	7.000000	19.000000	2.000000	 0.336	0.000000
tes	187.000000	1.000000	9.000000	1.000000	 0.723	0.000000
tes	188.000000	1.000000	13.000000	2.000000	 0.609	0.000000
tes	189.000000	11.000000	19.000000	2.000000	 0.443	0.000000
tes	190.000000	8.000000	10.000000	2.000000	 1.047	0.000000
