Sub	Trial	img1	img2	pos_ran	RT	Reaction
wangzhuo	1.000000	6.000000	17.000000	1.000000	2179.467	1.000000
wangzhuo	2.000000	12.000000	14.000000	1.000000	5013.030	0.000000
wangzhuo	3.000000	16.000000	20.000000	1.000000	2377.666	0.000000
wangzhuo	4.000000	5.000000	19.000000	1.000000	1280.730	0.000000
wangzhuo	5.000000	2.000000	3.000000	1.000000	5066.691	0.000000
wangzhuo	6.000000	6.000000	10.000000	2.000000	3148.525	1.000000
wangzhuo	7.000000	1.000000	9.000000	2.000000	3804.083	1.000000
wangzhuo	8.000000	2.000000	4.000000	2.000000	2160.489	1.000000
wangzhuo	9.000000	9.000000	14.000000	1.000000	1448.157	0.000000
wangzhuo	10.000000	8.000000	14.000000	1.000000	4434.287	1.000000
wangzhuo	11.000000	3.000000	6.000000	2.000000	1559.986	1.000000
wangzhuo	12.000000	3.000000	14.000000	1.000000	1344.846	0.000000
wangzhuo	13.000000	2.000000	5.000000	1.000000	5527.599	1.000000
wangzhuo	14.000000	4.000000	12.000000	1.000000	1512.165	1.000000
wangzhuo	15.000000	6.000000	16.000000	1.000000	3920.241	1.000000
wangzhuo	16.000000	14.000000	17.000000	2.000000	1176.731	0.000000
wangzhuo	17.000000	7.000000	13.000000	1.000000	3357.460	0.000000
wangzhuo	18.000000	4.000000	8.000000	2.000000	3541.241	1.000000
wangzhuo	19.000000	1.000000	14.000000	2.000000	5172.763	1.000000
wangzhuo	20.000000	4.000000	14.000000	2.000000	2146.702	1.000000
wangzhuo	21.000000	13.000000	19.000000	2.000000	2201.691	1.000000
wangzhuo	22.000000	7.000000	9.000000	1.000000	1966.561	0.000000
wangzhuo	23.000000	5.000000	10.000000	1.000000	4364.036	0.000000
wangzhuo	24.000000	2.000000	11.000000	1.000000	3099.707	0.000000
wangzhuo	25.000000	4.000000	15.000000	2.000000	1484.868	0.000000
wangzhuo	26.000000	2.000000	12.000000	1.000000	3319.657	0.000000
wangzhuo	27.000000	17.000000	20.000000	1.000000	3423.837	0.000000
wangzhuo	28.000000	12.000000	13.000000	1.000000	1316.277	0.000000
wangzhuo	29.000000	6.000000	14.000000	1.000000	1291.772	1.000000
wangzhuo	30.000000	7.000000	11.000000	2.000000	1604.544	0.000000
wangzhuo	31.000000	1.000000	15.000000	2.000000	2193.335	1.000000
wangzhuo	32.000000	6.000000	15.000000	2.000000	4103.268	0.000000
wangzhuo	33.000000	2.000000	9.000000	2.000000	2448.751	1.000000
wangzhuo	34.000000	7.000000	12.000000	2.000000	6500.218	0.000000
wangzhuo	35.000000	7.000000	14.000000	1.000000	2884.802	0.000000
wangzhuo	36.000000	4.000000	6.000000	1.000000	3360.486	0.000000
wangzhuo	37.000000	15.000000	20.000000	2.000000	2718.087	1.000000
wangzhuo	38.000000	9.000000	20.000000	2.000000	2365.145	1.000000
wangzhuo	39.000000	10.000000	12.000000	2.000000	1788.014	0.000000
wangzhuo	40.000000	14.000000	20.000000	1.000000	2062.250	1.000000
wangzhuo	41.000000	8.000000	19.000000	1.000000	4836.527	0.000000
wangzhuo	42.000000	7.000000	15.000000	1.000000	1937.090	0.000000
wangzhuo	43.000000	9.000000	11.000000	2.000000	4726.474	1.000000
wangzhuo	44.000000	14.000000	19.000000	2.000000	1279.033	1.000000
wangzhuo	45.000000	8.000000	12.000000	1.000000	1071.924	1.000000
wangzhuo	46.000000	5.000000	12.000000	1.000000	4057.814	1.000000
wangzhuo	47.000000	7.000000	16.000000	2.000000	2356.944	1.000000
wangzhuo	48.000000	3.000000	16.000000	1.000000	2819.935	0.000000
wangzhuo	49.000000	3.000000	13.000000	2.000000	1248.246	1.000000
wangzhuo	50.000000	8.000000	13.000000	1.000000	2105.062	1.000000
wangzhuo	51.000000	14.000000	16.000000	2.000000	6907.803	0.000000
wangzhuo	52.000000	7.000000	19.000000	1.000000	1659.880	0.000000
wangzhuo	53.000000	3.000000	19.000000	2.000000	950.138	1.000000
wangzhuo	54.000000	2.000000	19.000000	2.000000	954.929	1.000000
wangzhuo	55.000000	4.000000	10.000000	1.000000	1119.624	1.000000
wangzhuo	56.000000	13.000000	14.000000	1.000000	2237.776	1.000000
wangzhuo	57.000000	7.000000	20.000000	2.000000	4400.040	1.000000
wangzhuo	58.000000	9.000000	12.000000	1.000000	1323.755	1.000000
wangzhuo	59.000000	5.000000	13.000000	2.000000	2209.177	1.000000
wangzhuo	60.000000	5.000000	18.000000	1.000000	1740.213	1.000000
wangzhuo	61.000000	1.000000	5.000000	2.000000	8552.950	1.000000
wangzhuo	62.000000	12.000000	15.000000	1.000000	1959.953	0.000000
wangzhuo	63.000000	4.000000	17.000000	1.000000	1286.061	1.000000
wangzhuo	64.000000	4.000000	9.000000	1.000000	1854.870	1.000000
wangzhuo	65.000000	10.000000	17.000000	2.000000	1591.674	0.000000
wangzhuo	66.000000	11.000000	13.000000	2.000000	3955.840	1.000000
wangzhuo	67.000000	8.000000	18.000000	1.000000	2354.149	1.000000
wangzhuo	68.000000	6.000000	11.000000	2.000000	1976.553	0.000000
wangzhuo	69.000000	7.000000	18.000000	1.000000	2052.064	0.000000
wangzhuo	70.000000	7.000000	17.000000	2.000000	2277.762	0.000000
wangzhuo	71.000000	12.000000	16.000000	1.000000	1206.549	1.000000
wangzhuo	72.000000	18.000000	20.000000	1.000000	3001.902	0.000000
wangzhuo	73.000000	2.000000	14.000000	1.000000	1400.329	0.000000
wangzhuo	74.000000	11.000000	12.000000	2.000000	1421.172	0.000000
wangzhuo	75.000000	1.000000	11.000000	2.000000	1664.608	1.000000
wangzhuo	76.000000	10.000000	15.000000	1.000000	1954.216	0.000000
wangzhuo	77.000000	11.000000	16.000000	1.000000	1865.066	0.000000
wangzhuo	78.000000	3.000000	7.000000	1.000000	9051.027	0.000000
wangzhuo	79.000000	3.000000	12.000000	1.000000	7597.845	0.000000
wangzhuo	80.000000	3.000000	8.000000	1.000000	1634.017	0.000000
wangzhuo	81.000000	10.000000	11.000000	2.000000	2329.709	1.000000
wangzhuo	82.000000	3.000000	17.000000	1.000000	1593.924	1.000000
wangzhuo	83.000000	5.000000	17.000000	2.000000	1196.760	0.000000
wangzhuo	84.000000	1.000000	8.000000	2.000000	1223.042	1.000000
wangzhuo	85.000000	9.000000	13.000000	1.000000	1272.409	0.000000
wangzhuo	86.000000	9.000000	18.000000	2.000000	1680.485	1.000000
wangzhuo	87.000000	9.000000	16.000000	2.000000	1567.996	0.000000
wangzhuo	88.000000	4.000000	13.000000	2.000000	2233.577	1.000000
wangzhuo	89.000000	11.000000	15.000000	2.000000	5539.110	1.000000
wangzhuo	90.000000	6.000000	18.000000	1.000000	3954.263	1.000000
wangzhuo	91.000000	11.000000	19.000000	1.000000	1351.440	0.000000
wangzhuo	92.000000	11.000000	20.000000	2.000000	3732.207	1.000000
wangzhuo	93.000000	6.000000	7.000000	2.000000	4304.743	0.000000
wangzhuo	94.000000	4.000000	20.000000	1.000000	4230.271	1.000000
wangzhuo	95.000000	5.000000	8.000000	1.000000	3208.810	0.000000
wangzhuo	96.000000	6.000000	8.000000	1.000000	2353.781	1.000000
wangzhuo	97.000000	11.000000	14.000000	1.000000	4262.586	0.000000
wangzhuo	98.000000	12.000000	20.000000	2.000000	3024.369	1.000000
wangzhuo	99.000000	14.000000	15.000000	1.000000	9443.960	1.000000
wangzhuo	100.000000	4.000000	5.000000	2.000000	1259.678	0.000000
wangzhuo	101.000000	1.000000	17.000000	2.000000	4020.497	1.000000
wangzhuo	102.000000	5.000000	15.000000	2.000000	2552.292	1.000000
wangzhuo	103.000000	15.000000	18.000000	1.000000	2053.153	1.000000
wangzhuo	104.000000	18.000000	19.000000	2.000000	1519.952	1.000000
wangzhuo	105.000000	10.000000	18.000000	2.000000	6728.080	0.000000
wangzhuo	106.000000	4.000000	11.000000	2.000000	1894.784	0.000000
wangzhuo	107.000000	7.000000	8.000000	1.000000	1527.682	0.000000
wangzhuo	108.000000	16.000000	18.000000	2.000000	6590.425	0.000000
wangzhuo	109.000000	19.000000	20.000000	2.000000	2687.929	0.000000
wangzhuo	110.000000	1.000000	16.000000	1.000000	6943.362	1.000000
wangzhuo	111.000000	3.000000	18.000000	1.000000	3789.359	1.000000
wangzhuo	112.000000	8.000000	11.000000	2.000000	2145.855	0.000000
wangzhuo	113.000000	1.000000	7.000000	1.000000	5877.995	0.000000
wangzhuo	114.000000	8.000000	17.000000	1.000000	1628.088	1.000000
wangzhuo	115.000000	11.000000	17.000000	1.000000	2278.786	1.000000
wangzhuo	116.000000	2.000000	17.000000	1.000000	3727.630	1.000000
wangzhuo	117.000000	10.000000	20.000000	1.000000	3893.357	0.000000
wangzhuo	118.000000	3.000000	10.000000	2.000000	2731.751	1.000000
wangzhuo	119.000000	4.000000	18.000000	2.000000	2736.806	0.000000
wangzhuo	120.000000	1.000000	12.000000	1.000000	2279.538	0.000000
wangzhuo	121.000000	6.000000	9.000000	1.000000	2017.501	1.000000
wangzhuo	122.000000	9.000000	19.000000	1.000000	1260.968	0.000000
wangzhuo	123.000000	8.000000	20.000000	1.000000	1374.409	1.000000
wangzhuo	124.000000	7.000000	10.000000	1.000000	3027.185	0.000000
wangzhuo	125.000000	2.000000	13.000000	2.000000	3780.382	1.000000
wangzhuo	126.000000	3.000000	20.000000	1.000000	1719.946	0.000000
wangzhuo	127.000000	12.000000	17.000000	2.000000	1269.409	0.000000
wangzhuo	128.000000	2.000000	15.000000	2.000000	1699.576	1.000000
wangzhuo	129.000000	5.000000	9.000000	2.000000	2121.778	1.000000
wangzhuo	130.000000	6.000000	19.000000	2.000000	4943.270	1.000000
wangzhuo	131.000000	15.000000	16.000000	2.000000	1354.521	0.000000
wangzhuo	132.000000	5.000000	20.000000	2.000000	2453.926	1.000000
wangzhuo	133.000000	16.000000	19.000000	2.000000	1637.631	1.000000
wangzhuo	134.000000	13.000000	20.000000	1.000000	2989.816	1.000000
wangzhuo	135.000000	2.000000	8.000000	1.000000	3713.440	0.000000
wangzhuo	136.000000	9.000000	15.000000	1.000000	11398.118	0.000000
wangzhuo	137.000000	3.000000	9.000000	2.000000	1294.927	1.000000
wangzhuo	138.000000	10.000000	16.000000	2.000000	2011.774	0.000000
wangzhuo	139.000000	1.000000	6.000000	1.000000	1699.148	0.000000
wangzhuo	140.000000	5.000000	6.000000	1.000000	1887.445	0.000000
wangzhuo	141.000000	6.000000	13.000000	2.000000	2581.023	0.000000
wangzhuo	142.000000	15.000000	19.000000	2.000000	1799.210	1.000000
wangzhuo	143.000000	8.000000	10.000000	1.000000	2347.408	1.000000
wangzhuo	144.000000	8.000000	16.000000	2.000000	1586.386	0.000000
wangzhuo	145.000000	1.000000	3.000000	2.000000	23363.961	1.000000
wangzhuo	146.000000	2.000000	10.000000	1.000000	2203.362	0.000000
wangzhuo	147.000000	6.000000	20.000000	1.000000	1236.281	1.000000
wangzhuo	148.000000	1.000000	2.000000	1.000000	2619.029	1.000000
wangzhuo	149.000000	1.000000	20.000000	2.000000	2150.671	1.000000
wangzhuo	150.000000	2.000000	20.000000	2.000000	1994.186	1.000000
wangzhuo	151.000000	2.000000	18.000000	2.000000	6116.579	1.000000
wangzhuo	152.000000	13.000000	17.000000	2.000000	1241.152	0.000000
wangzhuo	153.000000	1.000000	13.000000	1.000000	1280.484	0.000000
wangzhuo	154.000000	11.000000	18.000000	1.000000	3910.671	1.000000
wangzhuo	155.000000	13.000000	18.000000	2.000000	2115.772	0.000000
wangzhuo	156.000000	17.000000	19.000000	1.000000	2984.498	0.000000
wangzhuo	157.000000	2.000000	16.000000	1.000000	1681.724	0.000000
wangzhuo	158.000000	5.000000	7.000000	2.000000	5758.403	1.000000
wangzhuo	159.000000	10.000000	13.000000	2.000000	1920.394	1.000000
wangzhuo	160.000000	13.000000	16.000000	1.000000	5260.515	0.000000
wangzhuo	161.000000	13.000000	15.000000	2.000000	6341.787	0.000000
wangzhuo	162.000000	5.000000	16.000000	1.000000	2689.862	0.000000
wangzhuo	163.000000	3.000000	15.000000	1.000000	1334.833	0.000000
wangzhuo	164.000000	6.000000	12.000000	1.000000	1232.862	1.000000
wangzhuo	165.000000	1.000000	10.000000	1.000000	1142.458	0.000000
wangzhuo	166.000000	1.000000	4.000000	2.000000	2215.227	1.000000
wangzhuo	167.000000	4.000000	7.000000	2.000000	1576.770	0.000000
wangzhuo	168.000000	4.000000	16.000000	1.000000	3010.356	1.000000
wangzhuo	169.000000	3.000000	11.000000	2.000000	1932.696	1.000000
wangzhuo	170.000000	5.000000	14.000000	1.000000	1392.086	0.000000
wangzhuo	171.000000	2.000000	6.000000	1.000000	1896.331	0.000000
wangzhuo	172.000000	1.000000	19.000000	2.000000	1638.577	1.000000
wangzhuo	173.000000	17.000000	18.000000	1.000000	2942.141	0.000000
wangzhuo	174.000000	14.000000	18.000000	1.000000	2306.329	1.000000
wangzhuo	175.000000	10.000000	19.000000	1.000000	2175.393	0.000000
wangzhuo	176.000000	3.000000	5.000000	1.000000	1473.553	0.000000
wangzhuo	177.000000	10.000000	14.000000	1.000000	2719.108	1.000000
wangzhuo	178.000000	1.000000	18.000000	2.000000	5779.312	0.000000
wangzhuo	179.000000	8.000000	9.000000	2.000000	1893.330	0.000000
wangzhuo	180.000000	15.000000	17.000000	2.000000	1563.524	0.000000
wangzhuo	181.000000	8.000000	15.000000	2.000000	5878.852	0.000000
wangzhuo	182.000000	5.000000	11.000000	1.000000	3908.111	0.000000
wangzhuo	183.000000	12.000000	19.000000	1.000000	1689.225	0.000000
wangzhuo	184.000000	2.000000	7.000000	1.000000	2822.747	0.000000
wangzhuo	185.000000	16.000000	17.000000	2.000000	7709.599	0.000000
wangzhuo	186.000000	12.000000	18.000000	1.000000	5771.065	0.000000
wangzhuo	187.000000	4.000000	19.000000	2.000000	1245.730	1.000000
wangzhuo	188.000000	3.000000	4.000000	2.000000	2178.628	1.000000
wangzhuo	189.000000	9.000000	17.000000	1.000000	1714.898	1.000000
wangzhuo	190.000000	9.000000	10.000000	2.000000	2388.982	1.000000
