Sub	Trial	img1	img2	pos_ran	RT	Reaction
xieke-f	1.000000	2.000000	10.000000	2.000000	850.834	0.000000
xieke-f	2.000000	4.000000	15.000000	1.000000	1059.906	1.000000
xieke-f	3.000000	1.000000	12.000000	1.000000	1476.310	1.000000
xieke-f	4.000000	6.000000	13.000000	1.000000	1217.977	0.000000
xieke-f	5.000000	8.000000	14.000000	1.000000	1453.936	0.000000
xieke-f	6.000000	5.000000	20.000000	1.000000	1033.525	1.000000
xieke-f	7.000000	2.000000	9.000000	2.000000	961.280	0.000000
xieke-f	8.000000	18.000000	19.000000	1.000000	811.508	1.000000
xieke-f	9.000000	7.000000	19.000000	2.000000	1580.915	0.000000
xieke-f	10.000000	6.000000	20.000000	2.000000	705.653	0.000000
xieke-f	11.000000	3.000000	11.000000	2.000000	566.030	1.000000
xieke-f	12.000000	9.000000	13.000000	1.000000	886.508	1.000000
xieke-f	13.000000	1.000000	16.000000	1.000000	817.425	0.000000
xieke-f	14.000000	3.000000	13.000000	2.000000	906.471	0.000000
xieke-f	15.000000	2.000000	14.000000	2.000000	1128.488	0.000000
xieke-f	16.000000	2.000000	20.000000	2.000000	650.502	0.000000
xieke-f	17.000000	16.000000	17.000000	2.000000	1171.068	1.000000
xieke-f	18.000000	13.000000	18.000000	2.000000	726.480	1.000000
xieke-f	19.000000	8.000000	13.000000	2.000000	1036.780	0.000000
xieke-f	20.000000	8.000000	10.000000	2.000000	860.610	0.000000
xieke-f	21.000000	6.000000	7.000000	1.000000	2039.950	0.000000
xieke-f	22.000000	3.000000	9.000000	1.000000	1906.795	1.000000
xieke-f	23.000000	10.000000	12.000000	2.000000	784.721	0.000000
xieke-f	24.000000	11.000000	16.000000	1.000000	647.482	1.000000
xieke-f	25.000000	8.000000	16.000000	1.000000	1115.925	0.000000
xieke-f	26.000000	17.000000	19.000000	2.000000	905.187	1.000000
xieke-f	27.000000	3.000000	12.000000	2.000000	1383.204	0.000000
xieke-f	28.000000	2.000000	13.000000	2.000000	885.143	0.000000
xieke-f	29.000000	1.000000	3.000000	2.000000	1080.716	0.000000
xieke-f	30.000000	2.000000	8.000000	2.000000	1269.132	0.000000
xieke-f	31.000000	2.000000	18.000000	2.000000	706.564	1.000000
xieke-f	32.000000	15.000000	18.000000	1.000000	2129.251	1.000000
xieke-f	33.000000	6.000000	18.000000	1.000000	1594.294	0.000000
xieke-f	34.000000	2.000000	17.000000	1.000000	1119.475	1.000000
xieke-f	35.000000	2.000000	19.000000	1.000000	832.708	1.000000
xieke-f	36.000000	4.000000	18.000000	1.000000	1149.205	1.000000
xieke-f	37.000000	11.000000	18.000000	1.000000	1017.141	1.000000
xieke-f	38.000000	5.000000	14.000000	1.000000	1876.233	1.000000
xieke-f	39.000000	3.000000	14.000000	1.000000	902.093	1.000000
xieke-f	40.000000	2.000000	3.000000	1.000000	908.774	0.000000
xieke-f	41.000000	2.000000	11.000000	2.000000	1792.540	1.000000
xieke-f	42.000000	4.000000	8.000000	1.000000	589.220	1.000000
xieke-f	43.000000	1.000000	9.000000	1.000000	928.179	0.000000
xieke-f	44.000000	13.000000	17.000000	1.000000	1781.117	0.000000
xieke-f	45.000000	3.000000	19.000000	1.000000	901.070	1.000000
xieke-f	46.000000	10.000000	15.000000	2.000000	868.378	1.000000
xieke-f	47.000000	16.000000	18.000000	1.000000	675.211	0.000000
xieke-f	48.000000	4.000000	13.000000	2.000000	747.051	0.000000
xieke-f	49.000000	1.000000	10.000000	2.000000	700.881	0.000000
xieke-f	50.000000	7.000000	16.000000	2.000000	793.831	0.000000
xieke-f	51.000000	6.000000	8.000000	2.000000	833.968	1.000000
xieke-f	52.000000	3.000000	10.000000	1.000000	867.818	1.000000
xieke-f	53.000000	14.000000	17.000000	2.000000	1096.814	1.000000
xieke-f	54.000000	14.000000	18.000000	2.000000	1623.265	1.000000
xieke-f	55.000000	1.000000	6.000000	2.000000	844.998	0.000000
xieke-f	56.000000	7.000000	10.000000	1.000000	703.709	1.000000
xieke-f	57.000000	4.000000	20.000000	2.000000	943.390	0.000000
xieke-f	58.000000	5.000000	19.000000	1.000000	1337.925	1.000000
xieke-f	59.000000	1.000000	13.000000	1.000000	981.371	1.000000
xieke-f	60.000000	6.000000	19.000000	2.000000	793.554	0.000000
xieke-f	61.000000	12.000000	14.000000	1.000000	597.896	0.000000
xieke-f	62.000000	4.000000	5.000000	1.000000	564.984	1.000000
xieke-f	63.000000	15.000000	20.000000	1.000000	584.390	1.000000
xieke-f	64.000000	9.000000	12.000000	1.000000	986.978	1.000000
xieke-f	65.000000	1.000000	11.000000	2.000000	897.019	1.000000
xieke-f	66.000000	5.000000	8.000000	1.000000	1768.640	0.000000
xieke-f	67.000000	1.000000	8.000000	1.000000	2263.159	0.000000
xieke-f	68.000000	12.000000	15.000000	1.000000	1283.416	0.000000
xieke-f	69.000000	7.000000	18.000000	1.000000	967.767	0.000000
xieke-f	70.000000	15.000000	19.000000	2.000000	1433.802	0.000000
xieke-f	71.000000	13.000000	20.000000	2.000000	1122.241	0.000000
xieke-f	72.000000	4.000000	19.000000	1.000000	679.620	1.000000
xieke-f	73.000000	3.000000	20.000000	2.000000	786.865	0.000000
xieke-f	74.000000	7.000000	9.000000	1.000000	2304.182	1.000000
xieke-f	75.000000	8.000000	15.000000	2.000000	1028.023	1.000000
xieke-f	76.000000	9.000000	14.000000	2.000000	1251.106	0.000000
xieke-f	77.000000	7.000000	8.000000	2.000000	1194.580	0.000000
xieke-f	78.000000	3.000000	5.000000	1.000000	804.017	1.000000
xieke-f	79.000000	6.000000	11.000000	1.000000	740.852	0.000000
xieke-f	80.000000	11.000000	20.000000	2.000000	628.103	0.000000
xieke-f	81.000000	1.000000	18.000000	1.000000	812.309	0.000000
xieke-f	82.000000	7.000000	12.000000	2.000000	632.044	0.000000
xieke-f	83.000000	11.000000	14.000000	2.000000	511.621	0.000000
xieke-f	84.000000	8.000000	11.000000	1.000000	603.363	0.000000
xieke-f	85.000000	3.000000	6.000000	2.000000	1241.516	0.000000
xieke-f	86.000000	3.000000	17.000000	2.000000	2007.902	0.000000
xieke-f	87.000000	4.000000	10.000000	1.000000	580.612	1.000000
xieke-f	88.000000	1.000000	2.000000	1.000000	563.446	0.000000
xieke-f	89.000000	2.000000	12.000000	2.000000	630.657	0.000000
xieke-f	90.000000	6.000000	15.000000	1.000000	560.998	0.000000
xieke-f	91.000000	11.000000	12.000000	2.000000	564.809	0.000000
xieke-f	92.000000	2.000000	5.000000	1.000000	1143.020	1.000000
xieke-f	93.000000	9.000000	16.000000	2.000000	1091.055	0.000000
xieke-f	94.000000	9.000000	15.000000	2.000000	653.907	1.000000
xieke-f	95.000000	14.000000	19.000000	2.000000	924.797	1.000000
xieke-f	96.000000	17.000000	20.000000	2.000000	618.773	0.000000
xieke-f	97.000000	1.000000	14.000000	2.000000	701.929	0.000000
xieke-f	98.000000	14.000000	20.000000	2.000000	901.957	0.000000
xieke-f	99.000000	2.000000	15.000000	2.000000	1151.846	1.000000
xieke-f	100.000000	1.000000	15.000000	1.000000	1619.236	0.000000
xieke-f	101.000000	4.000000	16.000000	2.000000	706.518	0.000000
xieke-f	102.000000	5.000000	6.000000	1.000000	4975.054	0.000000
xieke-f	103.000000	1.000000	17.000000	1.000000	2627.537	0.000000
xieke-f	104.000000	1.000000	5.000000	1.000000	1212.112	0.000000
xieke-f	105.000000	15.000000	17.000000	2.000000	814.923	0.000000
xieke-f	106.000000	9.000000	18.000000	2.000000	683.912	1.000000
xieke-f	107.000000	3.000000	7.000000	2.000000	920.553	0.000000
xieke-f	108.000000	12.000000	13.000000	2.000000	1181.734	1.000000
xieke-f	109.000000	12.000000	19.000000	2.000000	620.676	1.000000
xieke-f	110.000000	5.000000	9.000000	1.000000	618.861	0.000000
xieke-f	111.000000	9.000000	20.000000	1.000000	1046.710	1.000000
xieke-f	112.000000	13.000000	14.000000	2.000000	636.464	0.000000
xieke-f	113.000000	15.000000	16.000000	1.000000	509.993	1.000000
xieke-f	114.000000	2.000000	7.000000	2.000000	754.021	0.000000
xieke-f	115.000000	1.000000	4.000000	1.000000	605.915	0.000000
xieke-f	116.000000	1.000000	19.000000	1.000000	492.830	0.000000
xieke-f	117.000000	7.000000	14.000000	2.000000	589.331	0.000000
xieke-f	118.000000	5.000000	15.000000	2.000000	628.842	1.000000
xieke-f	119.000000	1.000000	7.000000	2.000000	876.061	1.000000
xieke-f	120.000000	10.000000	17.000000	2.000000	886.216	0.000000
xieke-f	121.000000	18.000000	20.000000	2.000000	763.404	0.000000
xieke-f	122.000000	5.000000	18.000000	2.000000	542.295	1.000000
xieke-f	123.000000	10.000000	19.000000	1.000000	1258.489	0.000000
xieke-f	124.000000	9.000000	10.000000	2.000000	671.029	0.000000
xieke-f	125.000000	4.000000	6.000000	1.000000	535.788	1.000000
xieke-f	126.000000	9.000000	11.000000	1.000000	538.972	0.000000
xieke-f	127.000000	7.000000	13.000000	2.000000	1002.262	1.000000
xieke-f	128.000000	3.000000	4.000000	1.000000	697.884	0.000000
xieke-f	129.000000	10.000000	18.000000	1.000000	597.816	0.000000
xieke-f	130.000000	14.000000	15.000000	2.000000	579.990	1.000000
xieke-f	131.000000	12.000000	16.000000	2.000000	1156.503	1.000000
xieke-f	132.000000	5.000000	16.000000	2.000000	811.600	0.000000
xieke-f	133.000000	4.000000	9.000000	2.000000	879.404	0.000000
xieke-f	134.000000	11.000000	13.000000	1.000000	677.548	1.000000
xieke-f	135.000000	8.000000	12.000000	1.000000	700.670	1.000000
xieke-f	136.000000	4.000000	11.000000	2.000000	1036.729	0.000000
xieke-f	137.000000	11.000000	19.000000	1.000000	589.457	1.000000
xieke-f	138.000000	3.000000	15.000000	2.000000	703.235	1.000000
xieke-f	139.000000	7.000000	17.000000	1.000000	1003.835	1.000000
xieke-f	140.000000	13.000000	15.000000	1.000000	999.466	0.000000
xieke-f	141.000000	1.000000	20.000000	1.000000	990.354	1.000000
xieke-f	142.000000	9.000000	17.000000	2.000000	1009.849	1.000000
xieke-f	143.000000	17.000000	18.000000	2.000000	634.358	1.000000
xieke-f	144.000000	10.000000	20.000000	2.000000	596.016	0.000000
xieke-f	145.000000	5.000000	12.000000	2.000000	762.722	0.000000
xieke-f	146.000000	10.000000	13.000000	2.000000	1278.445	0.000000
xieke-f	147.000000	5.000000	17.000000	1.000000	1661.159	1.000000
xieke-f	148.000000	19.000000	20.000000	1.000000	712.340	1.000000
xieke-f	149.000000	5.000000	7.000000	2.000000	590.837	0.000000
xieke-f	150.000000	13.000000	19.000000	1.000000	542.378	1.000000
xieke-f	151.000000	5.000000	11.000000	2.000000	680.687	1.000000
xieke-f	152.000000	7.000000	15.000000	2.000000	509.356	1.000000
xieke-f	153.000000	6.000000	9.000000	2.000000	530.307	0.000000
xieke-f	154.000000	3.000000	18.000000	2.000000	510.403	1.000000
xieke-f	155.000000	11.000000	17.000000	2.000000	525.560	0.000000
xieke-f	156.000000	6.000000	14.000000	2.000000	532.254	0.000000
xieke-f	157.000000	7.000000	20.000000	2.000000	454.584	0.000000
xieke-f	158.000000	6.000000	17.000000	1.000000	476.025	0.000000
xieke-f	159.000000	12.000000	18.000000	2.000000	452.656	1.000000
xieke-f	160.000000	10.000000	11.000000	1.000000	410.628	0.000000
xieke-f	161.000000	4.000000	12.000000	2.000000	670.504	0.000000
xieke-f	162.000000	3.000000	8.000000	2.000000	901.506	1.000000
xieke-f	163.000000	4.000000	17.000000	2.000000	523.190	0.000000
xieke-f	164.000000	3.000000	16.000000	2.000000	634.402	0.000000
xieke-f	165.000000	13.000000	16.000000	2.000000	471.763	1.000000
xieke-f	166.000000	6.000000	10.000000	1.000000	470.865	0.000000
xieke-f	167.000000	11.000000	15.000000	2.000000	657.165	0.000000
xieke-f	168.000000	16.000000	20.000000	2.000000	815.388	0.000000
xieke-f	169.000000	10.000000	16.000000	1.000000	563.947	0.000000
xieke-f	170.000000	7.000000	11.000000	1.000000	510.678	0.000000
xieke-f	171.000000	2.000000	6.000000	2.000000	781.219	0.000000
xieke-f	172.000000	8.000000	19.000000	2.000000	737.983	0.000000
xieke-f	173.000000	14.000000	16.000000	2.000000	1001.898	1.000000
xieke-f	174.000000	4.000000	14.000000	2.000000	916.191	0.000000
xieke-f	175.000000	8.000000	18.000000	1.000000	725.721	0.000000
xieke-f	176.000000	4.000000	7.000000	1.000000	650.968	1.000000
xieke-f	177.000000	9.000000	19.000000	1.000000	2532.811	1.000000
xieke-f	178.000000	5.000000	13.000000	2.000000	2145.548	0.000000
xieke-f	179.000000	12.000000	17.000000	1.000000	669.750	0.000000
xieke-f	180.000000	2.000000	4.000000	1.000000	894.863	0.000000
xieke-f	181.000000	5.000000	10.000000	1.000000	688.100	0.000000
xieke-f	182.000000	12.000000	20.000000	2.000000	584.216	0.000000
xieke-f	183.000000	8.000000	17.000000	2.000000	1332.250	0.000000
xieke-f	184.000000	8.000000	9.000000	1.000000	3400.510	1.000000
xieke-f	185.000000	6.000000	16.000000	2.000000	1257.172	0.000000
xieke-f	186.000000	10.000000	14.000000	1.000000	2996.307	0.000000
xieke-f	187.000000	2.000000	16.000000	2.000000	827.673	0.000000
xieke-f	188.000000	8.000000	20.000000	1.000000	623.875	1.000000
xieke-f	189.000000	6.000000	12.000000	2.000000	748.368	0.000000
xieke-f	190.000000	16.000000	19.000000	1.000000	694.330	0.000000
