Sub	Trial	img1	img2	pos_ran	RT	Reaction
jinying-f-18	1.000000	9.000000	14.000000	2.000000	814.532	0.000000
jinying-f-18	2.000000	6.000000	11.000000	2.000000	830.346	1.000000
jinying-f-18	3.000000	3.000000	6.000000	1.000000	1123.968	0.000000
jinying-f-18	4.000000	5.000000	12.000000	2.000000	793.299	0.000000
jinying-f-18	5.000000	12.000000	15.000000	2.000000	1252.499	1.000000
jinying-f-18	6.000000	4.000000	7.000000	1.000000	751.404	1.000000
jinying-f-18	7.000000	6.000000	20.000000	2.000000	840.477	0.000000
jinying-f-18	8.000000	10.000000	14.000000	1.000000	978.612	1.000000
jinying-f-18	9.000000	6.000000	18.000000	1.000000	1185.737	0.000000
jinying-f-18	10.000000	8.000000	17.000000	1.000000	2858.537	1.000000
jinying-f-18	11.000000	7.000000	8.000000	1.000000	857.705	1.000000
jinying-f-18	12.000000	8.000000	11.000000	2.000000	870.911	1.000000
jinying-f-18	13.000000	2.000000	20.000000	1.000000	1390.517	1.000000
jinying-f-18	14.000000	7.000000	10.000000	2.000000	761.739	0.000000
jinying-f-18	15.000000	4.000000	11.000000	1.000000	953.122	1.000000
jinying-f-18	16.000000	9.000000	17.000000	1.000000	1698.695	1.000000
jinying-f-18	17.000000	4.000000	17.000000	1.000000	588.567	1.000000
jinying-f-18	18.000000	17.000000	19.000000	1.000000	1052.199	1.000000
jinying-f-18	19.000000	2.000000	7.000000	1.000000	1589.928	0.000000
jinying-f-18	20.000000	2.000000	15.000000	1.000000	1110.401	0.000000
jinying-f-18	21.000000	14.000000	17.000000	1.000000	798.375	0.000000
jinying-f-18	22.000000	11.000000	20.000000	1.000000	654.719	1.000000
jinying-f-18	23.000000	8.000000	12.000000	2.000000	601.499	0.000000
jinying-f-18	24.000000	4.000000	15.000000	2.000000	1199.867	0.000000
jinying-f-18	25.000000	7.000000	14.000000	1.000000	628.742	1.000000
jinying-f-18	26.000000	13.000000	16.000000	1.000000	1686.628	1.000000
jinying-f-18	27.000000	9.000000	16.000000	2.000000	1955.597	0.000000
jinying-f-18	28.000000	6.000000	13.000000	2.000000	1253.979	0.000000
jinying-f-18	29.000000	1.000000	15.000000	2.000000	2562.731	1.000000
jinying-f-18	30.000000	12.000000	14.000000	2.000000	1415.901	1.000000
jinying-f-18	31.000000	8.000000	13.000000	1.000000	1589.141	1.000000
jinying-f-18	32.000000	11.000000	19.000000	1.000000	796.996	1.000000
jinying-f-18	33.000000	6.000000	8.000000	2.000000	1391.005	0.000000
jinying-f-18	34.000000	2.000000	3.000000	1.000000	1008.306	1.000000
jinying-f-18	35.000000	12.000000	19.000000	2.000000	804.998	1.000000
jinying-f-18	36.000000	13.000000	20.000000	1.000000	945.297	1.000000
jinying-f-18	37.000000	1.000000	13.000000	1.000000	1655.369	1.000000
jinying-f-18	38.000000	5.000000	11.000000	1.000000	760.194	0.000000
jinying-f-18	39.000000	9.000000	19.000000	1.000000	1721.008	1.000000
jinying-f-18	40.000000	1.000000	8.000000	1.000000	811.231	0.000000
jinying-f-18	41.000000	2.000000	14.000000	1.000000	668.545	1.000000
jinying-f-18	42.000000	1.000000	14.000000	2.000000	596.841	0.000000
jinying-f-18	43.000000	14.000000	19.000000	1.000000	639.456	0.000000
jinying-f-18	44.000000	1.000000	16.000000	1.000000	579.273	1.000000
jinying-f-18	45.000000	1.000000	11.000000	1.000000	562.607	0.000000
jinying-f-18	46.000000	3.000000	16.000000	1.000000	565.420	1.000000
jinying-f-18	47.000000	3.000000	11.000000	2.000000	1042.525	1.000000
jinying-f-18	48.000000	6.000000	9.000000	2.000000	1022.862	0.000000
jinying-f-18	49.000000	15.000000	17.000000	1.000000	1000.225	1.000000
jinying-f-18	50.000000	2.000000	8.000000	2.000000	2567.658	0.000000
jinying-f-18	51.000000	19.000000	20.000000	2.000000	720.002	0.000000
jinying-f-18	52.000000	4.000000	12.000000	2.000000	562.060	0.000000
jinying-f-18	53.000000	2.000000	11.000000	1.000000	1007.930	0.000000
jinying-f-18	54.000000	3.000000	4.000000	2.000000	637.808	1.000000
jinying-f-18	55.000000	15.000000	20.000000	2.000000	591.556	0.000000
jinying-f-18	56.000000	10.000000	16.000000	2.000000	1668.197	0.000000
jinying-f-18	57.000000	15.000000	18.000000	2.000000	786.768	1.000000
jinying-f-18	58.000000	9.000000	12.000000	1.000000	1468.879	1.000000
jinying-f-18	59.000000	2.000000	16.000000	1.000000	1244.955	1.000000
jinying-f-18	60.000000	1.000000	9.000000	1.000000	5241.019	1.000000
jinying-f-18	61.000000	11.000000	13.000000	1.000000	703.449	1.000000
jinying-f-18	62.000000	1.000000	18.000000	2.000000	772.153	1.000000
jinying-f-18	63.000000	2.000000	17.000000	2.000000	888.136	0.000000
jinying-f-18	64.000000	5.000000	9.000000	1.000000	1154.200	0.000000
jinying-f-18	65.000000	4.000000	13.000000	1.000000	554.168	1.000000
jinying-f-18	66.000000	10.000000	11.000000	1.000000	496.286	0.000000
jinying-f-18	67.000000	16.000000	20.000000	1.000000	769.783	1.000000
jinying-f-18	68.000000	1.000000	2.000000	2.000000	1360.377	1.000000
jinying-f-18	69.000000	4.000000	5.000000	2.000000	752.755	0.000000
jinying-f-18	70.000000	12.000000	20.000000	1.000000	1039.664	1.000000
jinying-f-18	71.000000	9.000000	18.000000	2.000000	710.603	1.000000
jinying-f-18	72.000000	13.000000	19.000000	1.000000	1541.840	0.000000
jinying-f-18	73.000000	14.000000	20.000000	2.000000	717.952	0.000000
jinying-f-18	74.000000	8.000000	14.000000	2.000000	612.195	0.000000
jinying-f-18	75.000000	3.000000	20.000000	2.000000	1237.840	0.000000
jinying-f-18	76.000000	8.000000	18.000000	1.000000	1625.527	0.000000
jinying-f-18	77.000000	2.000000	9.000000	1.000000	1014.741	1.000000
jinying-f-18	78.000000	8.000000	20.000000	2.000000	530.976	0.000000
jinying-f-18	79.000000	10.000000	20.000000	2.000000	636.738	0.000000
jinying-f-18	80.000000	10.000000	17.000000	1.000000	1744.578	0.000000
jinying-f-18	81.000000	2.000000	18.000000	2.000000	849.731	1.000000
jinying-f-18	82.000000	14.000000	15.000000	1.000000	615.139	0.000000
jinying-f-18	83.000000	1.000000	20.000000	2.000000	728.949	0.000000
jinying-f-18	84.000000	9.000000	13.000000	2.000000	2308.132	0.000000
jinying-f-18	85.000000	8.000000	9.000000	2.000000	2926.151	1.000000
jinying-f-18	86.000000	1.000000	17.000000	2.000000	1816.482	0.000000
jinying-f-18	87.000000	2.000000	6.000000	2.000000	990.940	0.000000
jinying-f-18	88.000000	7.000000	20.000000	2.000000	624.534	0.000000
jinying-f-18	89.000000	3.000000	12.000000	1.000000	677.844	1.000000
jinying-f-18	90.000000	13.000000	14.000000	1.000000	1442.161	1.000000
jinying-f-18	91.000000	1.000000	10.000000	1.000000	586.482	0.000000
jinying-f-18	92.000000	6.000000	17.000000	2.000000	1442.724	0.000000
jinying-f-18	93.000000	5.000000	15.000000	1.000000	1278.033	1.000000
jinying-f-18	94.000000	14.000000	16.000000	1.000000	3702.667	0.000000
jinying-f-18	95.000000	3.000000	9.000000	2.000000	1859.348	0.000000
jinying-f-18	96.000000	3.000000	17.000000	1.000000	1031.910	1.000000
jinying-f-18	97.000000	9.000000	20.000000	1.000000	836.709	1.000000
jinying-f-18	98.000000	6.000000	12.000000	2.000000	1001.488	0.000000
jinying-f-18	99.000000	4.000000	19.000000	2.000000	1615.827	0.000000
jinying-f-18	100.000000	5.000000	14.000000	1.000000	2089.078	1.000000
jinying-f-18	101.000000	6.000000	16.000000	2.000000	1024.377	0.000000
jinying-f-18	102.000000	2.000000	19.000000	1.000000	1028.076	1.000000
jinying-f-18	103.000000	7.000000	16.000000	2.000000	4607.262	0.000000
jinying-f-18	104.000000	3.000000	15.000000	2.000000	1176.497	1.000000
jinying-f-18	105.000000	7.000000	9.000000	2.000000	4231.516	0.000000
jinying-f-18	106.000000	8.000000	19.000000	1.000000	866.382	0.000000
jinying-f-18	107.000000	11.000000	16.000000	1.000000	1243.666	1.000000
jinying-f-18	108.000000	3.000000	14.000000	1.000000	2675.816	1.000000
jinying-f-18	109.000000	10.000000	18.000000	1.000000	1136.378	0.000000
jinying-f-18	110.000000	1.000000	5.000000	2.000000	1191.468	1.000000
jinying-f-18	111.000000	12.000000	16.000000	2.000000	2197.546	1.000000
jinying-f-18	112.000000	6.000000	7.000000	1.000000	1580.693	0.000000
jinying-f-18	113.000000	3.000000	10.000000	1.000000	2282.571	1.000000
jinying-f-18	114.000000	15.000000	16.000000	2.000000	990.838	0.000000
jinying-f-18	115.000000	17.000000	18.000000	1.000000	765.201	0.000000
jinying-f-18	116.000000	1.000000	7.000000	1.000000	1356.957	0.000000
jinying-f-18	117.000000	14.000000	18.000000	1.000000	721.803	0.000000
jinying-f-18	118.000000	2.000000	10.000000	1.000000	1200.084	1.000000
jinying-f-18	119.000000	2.000000	12.000000	2.000000	955.175	0.000000
jinying-f-18	120.000000	5.000000	17.000000	2.000000	1493.504	0.000000
jinying-f-18	121.000000	15.000000	19.000000	1.000000	717.948	1.000000
jinying-f-18	122.000000	5.000000	18.000000	2.000000	727.028	1.000000
jinying-f-18	123.000000	1.000000	6.000000	2.000000	4174.438	0.000000
jinying-f-18	124.000000	3.000000	18.000000	1.000000	1045.893	0.000000
jinying-f-18	125.000000	9.000000	11.000000	1.000000	2065.309	0.000000
jinying-f-18	126.000000	13.000000	18.000000	2.000000	1043.667	1.000000
jinying-f-18	127.000000	7.000000	18.000000	2.000000	1207.466	1.000000
jinying-f-18	128.000000	4.000000	18.000000	1.000000	2344.616	1.000000
jinying-f-18	129.000000	9.000000	10.000000	1.000000	2734.917	1.000000
jinying-f-18	130.000000	7.000000	15.000000	1.000000	2401.255	1.000000
jinying-f-18	131.000000	11.000000	15.000000	1.000000	1816.039	0.000000
jinying-f-18	132.000000	11.000000	18.000000	2.000000	684.825	1.000000
jinying-f-18	133.000000	12.000000	18.000000	2.000000	644.860	1.000000
jinying-f-18	134.000000	3.000000	19.000000	1.000000	3573.707	1.000000
jinying-f-18	135.000000	4.000000	14.000000	1.000000	788.395	1.000000
jinying-f-18	136.000000	6.000000	19.000000	2.000000	2175.851	1.000000
jinying-f-18	137.000000	11.000000	17.000000	1.000000	1555.433	1.000000
jinying-f-18	138.000000	5.000000	10.000000	2.000000	2019.330	0.000000
jinying-f-18	139.000000	11.000000	14.000000	2.000000	611.265	0.000000
jinying-f-18	140.000000	2.000000	13.000000	1.000000	978.459	1.000000
jinying-f-18	141.000000	6.000000	15.000000	1.000000	1634.043	0.000000
jinying-f-18	142.000000	5.000000	6.000000	2.000000	4108.958	0.000000
jinying-f-18	143.000000	4.000000	16.000000	2.000000	749.222	0.000000
jinying-f-18	144.000000	7.000000	13.000000	2.000000	1098.602	0.000000
jinying-f-18	145.000000	16.000000	19.000000	1.000000	930.126	0.000000
jinying-f-18	146.000000	3.000000	8.000000	2.000000	883.521	0.000000
jinying-f-18	147.000000	10.000000	15.000000	2.000000	1556.838	1.000000
jinying-f-18	148.000000	5.000000	13.000000	1.000000	1090.200	1.000000
jinying-f-18	149.000000	4.000000	20.000000	2.000000	537.119	0.000000
jinying-f-18	150.000000	4.000000	10.000000	2.000000	623.669	0.000000
jinying-f-18	151.000000	7.000000	19.000000	1.000000	731.444	1.000000
jinying-f-18	152.000000	3.000000	5.000000	1.000000	2617.217	1.000000
jinying-f-18	153.000000	8.000000	16.000000	1.000000	2040.813	0.000000
jinying-f-18	154.000000	5.000000	20.000000	1.000000	979.069	1.000000
jinying-f-18	155.000000	7.000000	12.000000	1.000000	1049.969	1.000000
jinying-f-18	156.000000	18.000000	20.000000	1.000000	1365.705	1.000000
jinying-f-18	157.000000	7.000000	11.000000	2.000000	2677.905	1.000000
jinying-f-18	158.000000	16.000000	17.000000	2.000000	2225.284	0.000000
jinying-f-18	159.000000	8.000000	10.000000	2.000000	2995.956	1.000000
jinying-f-18	160.000000	8.000000	15.000000	1.000000	1109.610	0.000000
jinying-f-18	161.000000	1.000000	12.000000	1.000000	1571.885	1.000000
jinying-f-18	162.000000	13.000000	17.000000	1.000000	3115.602	1.000000
jinying-f-18	163.000000	5.000000	19.000000	2.000000	1235.264	0.000000
jinying-f-18	164.000000	1.000000	4.000000	1.000000	2105.397	0.000000
jinying-f-18	165.000000	18.000000	19.000000	1.000000	4151.826	1.000000
jinying-f-18	166.000000	12.000000	17.000000	2.000000	1310.722	1.000000
jinying-f-18	167.000000	4.000000	8.000000	1.000000	809.585	1.000000
jinying-f-18	168.000000	6.000000	10.000000	2.000000	2230.562	0.000000
jinying-f-18	169.000000	5.000000	8.000000	2.000000	1011.884	0.000000
jinying-f-18	170.000000	5.000000	7.000000	2.000000	7223.412	1.000000
jinying-f-18	171.000000	5.000000	16.000000	2.000000	1010.820	0.000000
jinying-f-18	172.000000	2.000000	4.000000	2.000000	1030.929	1.000000
jinying-f-18	173.000000	17.000000	20.000000	1.000000	1086.126	1.000000
jinying-f-18	174.000000	4.000000	9.000000	2.000000	627.421	0.000000
jinying-f-18	175.000000	10.000000	13.000000	2.000000	3469.880	1.000000
jinying-f-18	176.000000	1.000000	19.000000	2.000000	3733.603	1.000000
jinying-f-18	177.000000	3.000000	7.000000	2.000000	836.324	0.000000
jinying-f-18	178.000000	1.000000	3.000000	1.000000	984.638	0.000000
jinying-f-18	179.000000	10.000000	19.000000	2.000000	1725.731	1.000000
jinying-f-18	180.000000	10.000000	12.000000	2.000000	807.946	0.000000
jinying-f-18	181.000000	3.000000	13.000000	2.000000	880.376	0.000000
jinying-f-18	182.000000	7.000000	17.000000	2.000000	894.045	0.000000
jinying-f-18	183.000000	6.000000	14.000000	1.000000	1904.278	1.000000
jinying-f-18	184.000000	2.000000	5.000000	2.000000	1702.363	0.000000
jinying-f-18	185.000000	13.000000	15.000000	1.000000	1282.876	0.000000
jinying-f-18	186.000000	16.000000	18.000000	2.000000	692.856	1.000000
jinying-f-18	187.000000	11.000000	12.000000	1.000000	655.121	1.000000
jinying-f-18	188.000000	9.000000	15.000000	2.000000	1400.275	1.000000
jinying-f-18	189.000000	4.000000	6.000000	2.000000	641.378	0.000000
jinying-f-18	190.000000	12.000000	13.000000	1.000000	1947.255	1.000000
